1 450 0.0615999 0.0615999
2 450 0.0615999 0.1232
3 450 0.0615999 0.1848
4 450 0.0615999 0.246399
5 450 0.0615999 0.307999
6 450 0.0615999 0.369599
7 450 0.0615999 0.431199
8 450 0.0615999 0.492799
9 450 0.0615999 0.554399
10 450 0.0615999 0.615999
11 450 0.0615999 0.677598
12 450 0.0615999 0.739198
13 450 0.0615999 0.800798
14 450 0.0615999 0.862398
15 450 0.0615999 0.923998
16 450 0.0615999 0.985598
17 450 0.0615999 1.0472
18 450 0.0615999 1.1088
19 450 0.0615999 1.1704
20 450 0.0615999 1.232
21 450 0.0615999 1.2936
22 450 0.0615999 1.3552
23 450 0.0615999 1.4168
24 450 0.0615999 1.4784
25 450 0.0615999 1.54
26 450 0.0615999 1.6016
27 450 0.0615999 1.6632
28 450 0.0615999 1.7248
29 450 0.0615999 1.7864
30 450 0.0615999 1.848
31 450 0.0615999 1.9096
32 450 0.0615999 1.9712
33 450 0.0615999 2.0328
34 450 0.0615999 2.0944
35 450 0.0615999 2.15599
36 450 0.0615999 2.21759
37 450 0.0615999 2.27919
38 450 0.0615999 2.34079
39 450 0.0615999 2.40239
40 450 0.0615999 2.46399
41 450 0.0615999 2.52559
42 450 0.0615999 2.58719
43 450 0.0615999 2.64879
44 450 0.0615999 2.71039
45 450 0.0615999 2.77199
46 450 0.0615999 2.83359
47 450 0.0615999 2.89519
48 450 0.0615999 2.95679
49 450 0.0615999 3.01839
50 450 0.0615999 3.07999
51 450 0.1232 0.0615999
52 450 0.1232 0.1232
53 450 0.1232 0.1848
54 450 0.1232 0.246399
55 450 0.1232 0.307999
56 450 0.1232 0.369599
57 450 0.1232 0.431199
58 450 0.1232 0.492799
59 450 0.1232 0.554399
60 450 0.1232 0.615999
61 450 0.1232 0.677598
62 450 0.1232 0.739198
63 450 0.1232 0.800798
64 450 0.1232 0.862398
65 450 0.1232 0.923998
66 450 0.1232 0.985598
67 450 0.1232 1.0472
68 450 0.1232 1.1088
69 450 0.1232 1.1704
70 450 0.1232 1.232
71 450 0.1232 1.2936
72 450 0.1232 1.3552
73 450 0.1232 1.4168
74 450 0.1232 1.4784
75 450 0.1232 1.54
76 450 0.1232 1.6016
77 450 0.1232 1.6632
78 450 0.1232 1.7248
79 450 0.1232 1.7864
80 450 0.1232 1.848
81 450 0.1232 1.9096
82 450 0.1232 1.9712
83 450 0.1232 2.0328
84 450 0.1232 2.0944
85 450 0.1232 2.15599
86 450 0.1232 2.21759
87 450 0.1232 2.27919
88 450 0.1232 2.34079
89 450 0.1232 2.40239
90 450 0.1232 2.46399
91 450 0.1232 2.52559
92 450 0.1232 2.58719
93 450 0.1232 2.64879
94 450 0.1232 2.71039
95 450 0.1232 2.77199
96 450 0.1232 2.83359
97 450 0.1232 2.89519
98 450 0.1232 2.95679
99 450 0.1232 3.01839
100 450 0.1232 3.07999
101 450 0.1848 0.0615999
102 450 0.1848 0.1232
103 450 0.1848 0.1848
104 450 0.1848 0.246399
105 450 0.1848 0.307999
106 450 0.1848 0.369599
107 450 0.1848 0.431199
108 450 0.1848 0.492799
109 450 0.1848 0.554399
110 450 0.1848 0.615999
111 450 0.1848 0.677598
112 450 0.1848 0.739198
113 450 0.1848 0.800798
114 450 0.1848 0.862398
115 450 0.1848 0.923998
116 450 0.1848 0.985598
117 450 0.1848 1.0472
118 450 0.1848 1.1088
119 450 0.1848 1.1704
120 450 0.1848 1.232
121 450 0.1848 1.2936
122 450 0.1848 1.3552
123 450 0.1848 1.4168
124 450 0.1848 1.4784
125 450 0.1848 1.54
126 450 0.1848 1.6016
127 450 0.1848 1.6632
128 450 0.1848 1.7248
129 450 0.1848 1.7864
130 450 0.1848 1.848
131 450 0.1848 1.9096
132 450 0.1848 1.9712
133 450 0.1848 2.0328
134 450 0.1848 2.0944
135 450 0.1848 2.15599
136 450 0.1848 2.21759
137 450 0.1848 2.27919
138 450 0.1848 2.34079
139 450 0.1848 2.40239
140 450 0.1848 2.46399
141 450 0.1848 2.52559
142 450 0.1848 2.58719
143 450 0.1848 2.64879
144 450 0.1848 2.71039
145 450 0.1848 2.77199
146 450 0.1848 2.83359
147 450 0.1848 2.89519
148 450 0.1848 2.95679
149 450 0.1848 3.01839
150 450 0.1848 3.07999
151 450 0.246399 0.0615999
152 450 0.246399 0.1232
153 450 0.246399 0.1848
154 450 0.246399 0.246399
155 450 0.246399 0.307999
156 450 0.246399 0.369599
157 450 0.246399 0.431199
158 450 0.246399 0.492799
159 450 0.246399 0.554399
160 450 0.246399 0.615999
161 450 0.246399 0.677598
162 450 0.246399 0.739198
163 450 0.246399 0.800798
164 450 0.246399 0.862398
165 450 0.246399 0.923998
166 450 0.246399 0.985598
167 450 0.246399 1.0472
168 450 0.246399 1.1088
169 450 0.246399 1.1704
170 450 0.246399 1.232
171 450 0.246399 1.2936
172 450 0.246399 1.3552
173 450 0.246399 1.4168
174 450 0.246399 1.4784
175 450 0.246399 1.54
176 450 0.246399 1.6016
177 450 0.246399 1.6632
178 450 0.246399 1.7248
179 450 0.246399 1.7864
180 450 0.246399 1.848
181 450 0.246399 1.9096
182 450 0.246399 1.9712
183 450 0.246399 2.0328
184 450 0.246399 2.0944
185 450 0.246399 2.15599
186 450 0.246399 2.21759
187 450 0.246399 2.27919
188 450 0.246399 2.34079
189 450 0.246399 2.40239
190 450 0.246399 2.46399
191 450 0.246399 2.52559
192 450 0.246399 2.58719
193 450 0.246399 2.64879
194 450 0.246399 2.71039
195 450 0.246399 2.77199
196 450 0.246399 2.83359
197 450 0.246399 2.89519
198 450 0.246399 2.95679
199 450 0.246399 3.01839
200 450 0.246399 3.07999
201 450 0.307999 0.0615999
202 450 0.307999 0.1232
203 450 0.307999 0.1848
204 450 0.307999 0.246399
205 450 0.307999 0.307999
206 450 0.307999 0.369599
207 450 0.307999 0.431199
208 450 0.307999 0.492799
209 450 0.307999 0.554399
210 450 0.307999 0.615999
211 450 0.307999 0.677598
212 450 0.307999 0.739198
213 450 0.307999 0.800798
214 450 0.307999 0.862398
215 450 0.307999 0.923998
216 450 0.307999 0.985598
217 450 0.307999 1.0472
218 450 0.307999 1.1088
219 450 0.307999 1.1704
220 450 0.307999 1.232
221 450 0.307999 1.2936
222 450 0.307999 1.3552
223 450 0.307999 1.4168
224 450 0.307999 1.4784
225 450 0.307999 1.54
226 450 0.307999 1.6016
227 450 0.307999 1.6632
228 450 0.307999 1.7248
229 450 0.307999 1.7864
230 450 0.307999 1.848
231 450 0.307999 1.9096
232 450 0.307999 1.9712
233 450 0.307999 2.0328
234 450 0.307999 2.0944
235 450 0.307999 2.15599
236 450 0.307999 2.21759
237 450 0.307999 2.27919
238 450 0.307999 2.34079
239 450 0.307999 2.40239
240 450 0.307999 2.46399
241 450 0.307999 2.52559
242 450 0.307999 2.58719
243 450 0.307999 2.64879
244 450 0.307999 2.71039
245 450 0.307999 2.77199
246 450 0.307999 2.83359
247 450 0.307999 2.89519
248 450 0.307999 2.95679
249 450 0.307999 3.01839
250 450 0.307999 3.07999
251 450 0.369599 0.0615999
252 450 0.369599 0.1232
253 450 0.369599 0.1848
254 450 0.369599 0.246399
255 450 0.369599 0.307999
256 450 0.369599 0.369599
257 450 0.369599 0.431199
258 450 0.369599 0.492799
259 450 0.369599 0.554399
260 450 0.369599 0.615999
261 450 0.369599 0.677598
262 450 0.369599 0.739198
263 450 0.369599 0.800798
264 450 0.369599 0.862398
265 450 0.369599 0.923998
266 450 0.369599 0.985598
267 450 0.369599 1.0472
268 450 0.369599 1.1088
269 450 0.369599 1.1704
270 450 0.369599 1.232
271 450 0.369599 1.2936
272 450 0.369599 1.3552
273 450 0.369599 1.4168
274 450 0.369599 1.4784
275 450 0.369599 1.54
276 450 0.369599 1.6016
277 450 0.369599 1.6632
278 450 0.369599 1.7248
279 450 0.369599 1.7864
280 450 0.369599 1.848
281 450 0.369599 1.9096
282 450 0.369599 1.9712
283 450 0.369599 2.0328
284 450 0.369599 2.0944
285 450 0.369599 2.15599
286 450 0.369599 2.21759
287 450 0.369599 2.27919
288 450 0.369599 2.34079
289 450 0.369599 2.40239
290 450 0.369599 2.46399
291 450 0.369599 2.52559
292 450 0.369599 2.58719
293 450 0.369599 2.64879
294 450 0.369599 2.71039
295 450 0.369599 2.77199
296 450 0.369599 2.83359
297 450 0.369599 2.89519
298 450 0.369599 2.95679
299 450 0.369599 3.01839
300 450 0.369599 3.07999
301 450 0.431199 0.0615999
302 450 0.431199 0.1232
303 450 0.431199 0.1848
304 450 0.431199 0.246399
305 450 0.431199 0.307999
306 450 0.431199 0.369599
307 450 0.431199 0.431199
308 450 0.431199 0.492799
309 450 0.431199 0.554399
310 450 0.431199 0.615999
311 450 0.431199 0.677598
312 450 0.431199 0.739198
313 450 0.431199 0.800798
314 450 0.431199 0.862398
315 450 0.431199 0.923998
316 450 0.431199 0.985598
317 450 0.431199 1.0472
318 450 0.431199 1.1088
319 450 0.431199 1.1704
320 450 0.431199 1.232
321 450 0.431199 1.2936
322 450 0.431199 1.3552
323 450 0.431199 1.4168
324 450 0.431199 1.4784
325 450 0.431199 1.54
326 450 0.431199 1.6016
327 450 0.431199 1.6632
328 450 0.431199 1.7248
329 450 0.431199 1.7864
330 450 0.431199 1.848
331 450 0.431199 1.9096
332 450 0.431199 1.9712
333 450 0.431199 2.0328
334 450 0.431199 2.0944
335 450 0.431199 2.15599
336 450 0.431199 2.21759
337 450 0.431199 2.27919
338 450 0.431199 2.34079
339 450 0.431199 2.40239
340 450 0.431199 2.46399
341 450 0.431199 2.52559
342 450 0.431199 2.58719
343 450 0.431199 2.64879
344 450 0.431199 2.71039
345 450 0.431199 2.77199
346 450 0.431199 2.83359
347 450 0.431199 2.89519
348 450 0.431199 2.95679
349 450 0.431199 3.01839
350 450 0.431199 3.07999
351 450 0.492799 0.0615999
352 450 0.492799 0.1232
353 450 0.492799 0.1848
354 450 0.492799 0.246399
355 450 0.492799 0.307999
356 450 0.492799 0.369599
357 450 0.492799 0.431199
358 450 0.492799 0.492799
359 450 0.492799 0.554399
360 450 0.492799 0.615999
361 450 0.492799 0.677598
362 450 0.492799 0.739198
363 450 0.492799 0.800798
364 450 0.492799 0.862398
365 450 0.492799 0.923998
366 450 0.492799 0.985598
367 450 0.492799 1.0472
368 450 0.492799 1.1088
369 450 0.492799 1.1704
370 450 0.492799 1.232
371 450 0.492799 1.2936
372 450 0.492799 1.3552
373 450 0.492799 1.4168
374 450 0.492799 1.4784
375 450 0.492799 1.54
376 450 0.492799 1.6016
377 450 0.492799 1.6632
378 450 0.492799 1.7248
379 450 0.492799 1.7864
380 450 0.492799 1.848
381 450 0.492799 1.9096
382 450 0.492799 1.9712
383 450 0.492799 2.0328
384 450 0.492799 2.0944
385 450 0.492799 2.15599
386 450 0.492799 2.21759
387 450 0.492799 2.27919
388 450 0.492799 2.34079
389 450 0.492799 2.40239
390 450 0.492799 2.46399
391 450 0.492799 2.52559
392 450 0.492799 2.58719
393 450 0.492799 2.64879
394 450 0.492799 2.71039
395 450 0.492799 2.77199
396 450 0.492799 2.83359
397 450 0.492799 2.89519
398 450 0.492799 2.95679
399 450 0.492799 3.01839
400 450 0.492799 3.07999
401 450 0.554399 0.0615999
402 450 0.554399 0.1232
403 450 0.554399 0.1848
404 450 0.554399 0.246399
405 450 0.554399 0.307999
406 450 0.554399 0.369599
407 450 0.554399 0.431199
408 450 0.554399 0.492799
409 450 0.554399 0.554399
410 450 0.554399 0.615999
411 450 0.554399 0.677598
412 450 0.554399 0.739198
413 450 0.554399 0.800798
414 450 0.554399 0.862398
415 450 0.554399 0.923998
416 450 0.554399 0.985598
417 450 0.554399 1.0472
418 450 0.554399 1.1088
419 450 0.554399 1.1704
420 450 0.554399 1.232
421 450 0.554399 1.2936
422 450 0.554399 1.3552
423 450 0.554399 1.4168
424 450 0.554399 1.4784
425 450 0.554399 1.54
426 450 0.554399 1.6016
427 450 0.554399 1.6632
428 450 0.554399 1.7248
429 450 0.554399 1.7864
430 450 0.554399 1.848
431 450 0.554399 1.9096
432 450 0.554399 1.9712
433 450 0.554399 2.0328
434 450 0.554399 2.0944
435 450 0.554399 2.15599
436 450 0.554399 2.21759
437 450 0.554399 2.27919
438 450 0.554399 2.34079
439 450 0.554399 2.40239
440 450 0.554399 2.46399
441 450 0.554399 2.52559
442 450 0.554399 2.58719
443 450 0.554399 2.64879
444 450 0.554399 2.71039
445 450 0.554399 2.77199
446 450 0.554399 2.83359
447 450 0.554399 2.89519
448 450 0.554399 2.95679
449 450 0.554399 3.01839
450 450 0.554399 3.07999
451 450 0.615999 0.0615999
452 450 0.615999 0.1232
453 450 0.615999 0.1848
454 450 0.615999 0.246399
455 450 0.615999 0.307999
456 450 0.615999 0.369599
457 450 0.615999 0.431199
458 450 0.615999 0.492799
459 450 0.615999 0.554399
460 450 0.615999 0.615999
461 450 0.615999 0.677598
462 450 0.615999 0.739198
463 450 0.615999 0.800798
464 450 0.615999 0.862398
465 450 0.615999 0.923998
466 450 0.615999 0.985598
467 450 0.615999 1.0472
468 450 0.615999 1.1088
469 450 0.615999 1.1704
470 450 0.615999 1.232
471 450 0.615999 1.2936
472 450 0.615999 1.3552
473 450 0.615999 1.4168
474 450 0.615999 1.4784
475 450 0.615999 1.54
476 450 0.615999 1.6016
477 450 0.615999 1.6632
478 450 0.615999 1.7248
479 450 0.615999 1.7864
480 450 0.615999 1.848
481 450 0.615999 1.9096
482 450 0.615999 1.9712
483 450 0.615999 2.0328
484 450 0.615999 2.0944
485 450 0.615999 2.15599
486 450 0.615999 2.21759
487 450 0.615999 2.27919
488 450 0.615999 2.34079
489 450 0.615999 2.40239
490 450 0.615999 2.46399
491 450 0.615999 2.52559
492 450 0.615999 2.58719
493 450 0.615999 2.64879
494 450 0.615999 2.71039
495 450 0.615999 2.77199
496 450 0.615999 2.83359
497 450 0.615999 2.89519
498 450 0.615999 2.95679
499 450 0.615999 3.01839
500 450 0.615999 3.07999
501 450 0.677598 0.0615999
502 450 0.677598 0.1232
503 450 0.677598 0.1848
504 450 0.677598 0.246399
505 450 0.677598 0.307999
506 450 0.677598 0.369599
507 450 0.677598 0.431199
508 450 0.677598 0.492799
509 450 0.677598 0.554399
510 450 0.677598 0.615999
511 450 0.677598 0.677598
512 450 0.677598 0.739198
513 450 0.677598 0.800798
514 450 0.677598 0.862398
515 450 0.677598 0.923998
516 450 0.677598 0.985598
517 450 0.677598 1.0472
518 450 0.677598 1.1088
519 450 0.677598 1.1704
520 450 0.677598 1.232
521 450 0.677598 1.2936
522 450 0.677598 1.3552
523 450 0.677598 1.4168
524 450 0.677598 1.4784
525 450 0.677598 1.54
526 450 0.677598 1.6016
527 450 0.677598 1.6632
528 450 0.677598 1.7248
529 450 0.677598 1.7864
530 450 0.677598 1.848
531 450 0.677598 1.9096
532 450 0.677598 1.9712
533 450 0.677598 2.0328
534 450 0.677598 2.0944
535 450 0.677598 2.15599
536 450 0.677598 2.21759
537 450 0.677598 2.27919
538 450 0.677598 2.34079
539 450 0.677598 2.40239
540 450 0.677598 2.46399
541 450 0.677598 2.52559
542 450 0.677598 2.58719
543 450 0.677598 2.64879
544 450 0.677598 2.71039
545 450 0.677598 2.77199
546 450 0.677598 2.83359
547 450 0.677598 2.89519
548 450 0.677598 2.95679
549 450 0.677598 3.01839
550 450 0.677598 3.07999
551 450 0.739198 0.0615999
552 450 0.739198 0.1232
553 450 0.739198 0.1848
554 450 0.739198 0.246399
555 450 0.739198 0.307999
556 450 0.739198 0.369599
557 450 0.739198 0.431199
558 450 0.739198 0.492799
559 450 0.739198 0.554399
560 450 0.739198 0.615999
561 450 0.739198 0.677598
562 450 0.739198 0.739198
563 450 0.739198 0.800798
564 450 0.739198 0.862398
565 450 0.739198 0.923998
566 450 0.739198 0.985598
567 450 0.739198 1.0472
568 450 0.739198 1.1088
569 450 0.739198 1.1704
570 450 0.739198 1.232
571 450 0.739198 1.2936
572 450 0.739198 1.3552
573 450 0.739198 1.4168
574 450 0.739198 1.4784
575 450 0.739198 1.54
576 450 0.739198 1.6016
577 450 0.739198 1.6632
578 450 0.739198 1.7248
579 450 0.739198 1.7864
580 450 0.739198 1.848
581 450 0.739198 1.9096
582 450 0.739198 1.9712
583 450 0.739198 2.0328
584 450 0.739198 2.0944
585 450 0.739198 2.15599
586 450 0.739198 2.21759
587 450 0.739198 2.27919
588 450 0.739198 2.34079
589 450 0.739198 2.40239
590 450 0.739198 2.46399
591 450 0.739198 2.52559
592 450 0.739198 2.58719
593 450 0.739198 2.64879
594 450 0.739198 2.71039
595 450 0.739198 2.77199
596 450 0.739198 2.83359
597 450 0.739198 2.89519
598 450 0.739198 2.95679
599 450 0.739198 3.01839
600 450 0.739198 3.07999
601 450 0.800798 0.0615999
602 450 0.800798 0.1232
603 450 0.800798 0.1848
604 450 0.800798 0.246399
605 450 0.800798 0.307999
606 450 0.800798 0.369599
607 450 0.800798 0.431199
608 450 0.800798 0.492799
609 450 0.800798 0.554399
610 450 0.800798 0.615999
611 450 0.800798 0.677598
612 450 0.800798 0.739198
613 450 0.800798 0.800798
614 450 0.800798 0.862398
615 450 0.800798 0.923998
616 450 0.800798 0.985598
617 450 0.800798 1.0472
618 450 0.800798 1.1088
619 450 0.800798 1.1704
620 450 0.800798 1.232
621 450 0.800798 1.2936
622 450 0.800798 1.3552
623 450 0.800798 1.4168
624 450 0.800798 1.4784
625 450 0.800798 1.54
626 450 0.800798 1.6016
627 450 0.800798 1.6632
628 450 0.800798 1.7248
629 450 0.800798 1.7864
630 450 0.800798 1.848
631 450 0.800798 1.9096
632 450 0.800798 1.9712
633 450 0.800798 2.0328
634 450 0.800798 2.0944
635 450 0.800798 2.15599
636 450 0.800798 2.21759
637 450 0.800798 2.27919
638 450 0.800798 2.34079
639 450 0.800798 2.40239
640 450 0.800798 2.46399
641 450 0.800798 2.52559
642 450 0.800798 2.58719
643 450 0.800798 2.64879
644 450 0.800798 2.71039
645 450 0.800798 2.77199
646 450 0.800798 2.83359
647 450 0.800798 2.89519
648 450 0.800798 2.95679
649 450 0.800798 3.01839
650 450 0.800798 3.07999
651 450 0.862398 0.0615999
652 450 0.862398 0.1232
653 450 0.862398 0.1848
654 450 0.862398 0.246399
655 450 0.862398 0.307999
656 450 0.862398 0.369599
657 450 0.862398 0.431199
658 450 0.862398 0.492799
659 450 0.862398 0.554399
660 450 0.862398 0.615999
661 450 0.862398 0.677598
662 450 0.862398 0.739198
663 450 0.862398 0.800798
664 450 0.862398 0.862398
665 450 0.862398 0.923998
666 450 0.862398 0.985598
667 450 0.862398 1.0472
668 450 0.862398 1.1088
669 450 0.862398 1.1704
670 450 0.862398 1.232
671 450 0.862398 1.2936
672 450 0.862398 1.3552
673 450 0.862398 1.4168
674 450 0.862398 1.4784
675 450 0.862398 1.54
676 450 0.862398 1.6016
677 450 0.862398 1.6632
678 450 0.862398 1.7248
679 450 0.862398 1.7864
680 450 0.862398 1.848
681 450 0.862398 1.9096
682 450 0.862398 1.9712
683 450 0.862398 2.0328
684 450 0.862398 2.0944
685 450 0.862398 2.15599
686 450 0.862398 2.21759
687 450 0.862398 2.27919
688 450 0.862398 2.34079
689 450 0.862398 2.40239
690 450 0.862398 2.46399
691 450 0.862398 2.52559
692 450 0.862398 2.58719
693 450 0.862398 2.64879
694 450 0.862398 2.71039
695 450 0.862398 2.77199
696 450 0.862398 2.83359
697 450 0.862398 2.89519
698 450 0.862398 2.95679
699 450 0.862398 3.01839
700 450 0.862398 3.07999
701 450 0.923998 0.0615999
702 450 0.923998 0.1232
703 450 0.923998 0.1848
704 450 0.923998 0.246399
705 450 0.923998 0.307999
706 450 0.923998 0.369599
707 450 0.923998 0.431199
708 450 0.923998 0.492799
709 450 0.923998 0.554399
710 450 0.923998 0.615999
711 450 0.923998 0.677598
712 450 0.923998 0.739198
713 450 0.923998 0.800798
714 450 0.923998 0.862398
715 450 0.923998 0.923998
716 450 0.923998 0.985598
717 450 0.923998 1.0472
718 450 0.923998 1.1088
719 450 0.923998 1.1704
720 450 0.923998 1.232
721 450 0.923998 1.2936
722 450 0.923998 1.3552
723 450 0.923998 1.4168
724 450 0.923998 1.4784
725 450 0.923998 1.54
726 450 0.923998 1.6016
727 450 0.923998 1.6632
728 450 0.923998 1.7248
729 450 0.923998 1.7864
730 450 0.923998 1.848
731 450 0.923998 1.9096
732 450 0.923998 1.9712
733 450 0.923998 2.0328
734 450 0.923998 2.0944
735 450 0.923998 2.15599
736 450 0.923998 2.21759
737 450 0.923998 2.27919
738 450 0.923998 2.34079
739 450 0.923998 2.40239
740 450 0.923998 2.46399
741 450 0.923998 2.52559
742 450 0.923998 2.58719
743 450 0.923998 2.64879
744 450 0.923998 2.71039
745 450 0.923998 2.77199
746 450 0.923998 2.83359
747 450 0.923998 2.89519
748 450 0.923998 2.95679
749 450 0.923998 3.01839
750 450 0.923998 3.07999
751 450 0.985598 0.0615999
752 450 0.985598 0.1232
753 450 0.985598 0.1848
754 450 0.985598 0.246399
755 450 0.985598 0.307999
756 450 0.985598 0.369599
757 450 0.985598 0.431199
758 450 0.985598 0.492799
759 450 0.985598 0.554399
760 450 0.985598 0.615999
761 450 0.985598 0.677598
762 450 0.985598 0.739198
763 450 0.985598 0.800798
764 450 0.985598 0.862398
765 450 0.985598 0.923998
766 450 0.985598 0.985598
767 450 0.985598 1.0472
768 450 0.985598 1.1088
769 450 0.985598 1.1704
770 450 0.985598 1.232
771 450 0.985598 1.2936
772 450 0.985598 1.3552
773 450 0.985598 1.4168
774 450 0.985598 1.4784
775 450 0.985598 1.54
776 450 0.985598 1.6016
777 450 0.985598 1.6632
778 450 0.985598 1.7248
779 450 0.985598 1.7864
780 450 0.985598 1.848
781 450 0.985598 1.9096
782 450 0.985598 1.9712
783 450 0.985598 2.0328
784 450 0.985598 2.0944
785 450 0.985598 2.15599
786 450 0.985598 2.21759
787 450 0.985598 2.27919
788 450 0.985598 2.34079
789 450 0.985598 2.40239
790 450 0.985598 2.46399
791 450 0.985598 2.52559
792 450 0.985598 2.58719
793 450 0.985598 2.64879
794 450 0.985598 2.71039
795 450 0.985598 2.77199
796 450 0.985598 2.83359
797 450 0.985598 2.89519
798 450 0.985598 2.95679
799 450 0.985598 3.01839
800 450 0.985598 3.07999
801 450 1.0472 0.0615999
802 450 1.0472 0.1232
803 450 1.0472 0.1848
804 450 1.0472 0.246399
805 450 1.0472 0.307999
806 450 1.0472 0.369599
807 450 1.0472 0.431199
808 450 1.0472 0.492799
809 450 1.0472 0.554399
810 450 1.0472 0.615999
811 450 1.0472 0.677598
812 450 1.0472 0.739198
813 450 1.0472 0.800798
814 450 1.0472 0.862398
815 450 1.0472 0.923998
816 450 1.0472 0.985598
817 450 1.0472 1.0472
818 450 1.0472 1.1088
819 450 1.0472 1.1704
820 450 1.0472 1.232
821 450 1.0472 1.2936
822 450 1.0472 1.3552
823 450 1.0472 1.4168
824 450 1.0472 1.4784
825 450 1.0472 1.54
826 450 1.0472 1.6016
827 450 1.0472 1.6632
828 450 1.0472 1.7248
829 450 1.0472 1.7864
830 450 1.0472 1.848
831 450 1.0472 1.9096
832 450 1.0472 1.9712
833 450 1.0472 2.0328
834 450 1.0472 2.0944
835 450 1.0472 2.15599
836 450 1.0472 2.21759
837 450 1.0472 2.27919
838 450 1.0472 2.34079
839 450 1.0472 2.40239
840 450 1.0472 2.46399
841 450 1.0472 2.52559
842 450 1.0472 2.58719
843 450 1.0472 2.64879
844 450 1.0472 2.71039
845 450 1.0472 2.77199
846 450 1.0472 2.83359
847 450 1.0472 2.89519
848 450 1.0472 2.95679
849 450 1.0472 3.01839
850 450 1.0472 3.07999
851 450 1.1088 0.0615999
852 450 1.1088 0.1232
853 450 1.1088 0.1848
854 450 1.1088 0.246399
855 450 1.1088 0.307999
856 450 1.1088 0.369599
857 450 1.1088 0.431199
858 450 1.1088 0.492799
859 450 1.1088 0.554399
860 450 1.1088 0.615999
861 450 1.1088 0.677598
862 450 1.1088 0.739198
863 450 1.1088 0.800798
864 450 1.1088 0.862398
865 450 1.1088 0.923998
866 450 1.1088 0.985598
867 450 1.1088 1.0472
868 450 1.1088 1.1088
869 450 1.1088 1.1704
870 450 1.1088 1.232
871 450 1.1088 1.2936
872 450 1.1088 1.3552
873 450 1.1088 1.4168
874 450 1.1088 1.4784
875 450 1.1088 1.54
876 450 1.1088 1.6016
877 450 1.1088 1.6632
878 450 1.1088 1.7248
879 450 1.1088 1.7864
880 450 1.1088 1.848
881 450 1.1088 1.9096
882 450 1.1088 1.9712
883 450 1.1088 2.0328
884 450 1.1088 2.0944
885 450 1.1088 2.15599
886 450 1.1088 2.21759
887 450 1.1088 2.27919
888 450 1.1088 2.34079
889 450 1.1088 2.40239
890 450 1.1088 2.46399
891 450 1.1088 2.52559
892 450 1.1088 2.58719
893 450 1.1088 2.64879
894 450 1.1088 2.71039
895 450 1.1088 2.77199
896 450 1.1088 2.83359
897 450 1.1088 2.89519
898 450 1.1088 2.95679
899 450 1.1088 3.01839
900 450 1.1088 3.07999
901 450 1.1704 0.0615999
902 450 1.1704 0.1232
903 450 1.1704 0.1848
904 450 1.1704 0.246399
905 450 1.1704 0.307999
906 450 1.1704 0.369599
907 450 1.1704 0.431199
908 450 1.1704 0.492799
909 450 1.1704 0.554399
910 450 1.1704 0.615999
911 450 1.1704 0.677598
912 450 1.1704 0.739198
913 450 1.1704 0.800798
914 450 1.1704 0.862398
915 450 1.1704 0.923998
916 450 1.1704 0.985598
917 450 1.1704 1.0472
918 450 1.1704 1.1088
919 450 1.1704 1.1704
920 450 1.1704 1.232
921 450 1.1704 1.2936
922 450 1.1704 1.3552
923 450 1.1704 1.4168
924 450 1.1704 1.4784
925 450 1.1704 1.54
926 450 1.1704 1.6016
927 450 1.1704 1.6632
928 450 1.1704 1.7248
929 450 1.1704 1.7864
930 450 1.1704 1.848
931 450 1.1704 1.9096
932 450 1.1704 1.9712
933 450 1.1704 2.0328
934 450 1.1704 2.0944
935 450 1.1704 2.15599
936 450 1.1704 2.21759
937 450 1.1704 2.27919
938 450 1.1704 2.34079
939 450 1.1704 2.40239
940 450 1.1704 2.46399
941 450 1.1704 2.52559
942 450 1.1704 2.58719
943 450 1.1704 2.64879
944 450 1.1704 2.71039
945 450 1.1704 2.77199
946 450 1.1704 2.83359
947 450 1.1704 2.89519
948 450 1.1704 2.95679
949 450 1.1704 3.01839
950 450 1.1704 3.07999
951 450 1.232 0.0615999
952 450 1.232 0.1232
953 450 1.232 0.1848
954 450 1.232 0.246399
955 450 1.232 0.307999
956 450 1.232 0.369599
957 450 1.232 0.431199
958 450 1.232 0.492799
959 450 1.232 0.554399
960 450 1.232 0.615999
961 450 1.232 0.677598
962 450 1.232 0.739198
963 450 1.232 0.800798
964 450 1.232 0.862398
965 450 1.232 0.923998
966 450 1.232 0.985598
967 450 1.232 1.0472
968 450 1.232 1.1088
969 450 1.232 1.1704
970 450 1.232 1.232
971 450 1.232 1.2936
972 450 1.232 1.3552
973 450 1.232 1.4168
974 450 1.232 1.4784
975 450 1.232 1.54
976 450 1.232 1.6016
977 450 1.232 1.6632
978 450 1.232 1.7248
979 450 1.232 1.7864
980 450 1.232 1.848
981 450 1.232 1.9096
982 450 1.232 1.9712
983 450 1.232 2.0328
984 450 1.232 2.0944
985 450 1.232 2.15599
986 450 1.232 2.21759
987 450 1.232 2.27919
988 450 1.232 2.34079
989 450 1.232 2.40239
990 450 1.232 2.46399
991 450 1.232 2.52559
992 450 1.232 2.58719
993 450 1.232 2.64879
994 450 1.232 2.71039
995 450 1.232 2.77199
996 450 1.232 2.83359
997 450 1.232 2.89519
998 450 1.232 2.95679
999 450 1.232 3.01839
1000 450 1.232 3.07999
1001 450 1.2936 0.0615999
1002 450 1.2936 0.1232
1003 450 1.2936 0.1848
1004 450 1.2936 0.246399
1005 450 1.2936 0.307999
1006 450 1.2936 0.369599
1007 450 1.2936 0.431199
1008 450 1.2936 0.492799
1009 450 1.2936 0.554399
1010 450 1.2936 0.615999
1011 450 1.2936 0.677598
1012 450 1.2936 0.739198
1013 450 1.2936 0.800798
1014 450 1.2936 0.862398
1015 450 1.2936 0.923998
1016 450 1.2936 0.985598
1017 450 1.2936 1.0472
1018 450 1.2936 1.1088
1019 450 1.2936 1.1704
1020 450 1.2936 1.232
1021 450 1.2936 1.2936
1022 450 1.2936 1.3552
1023 450 1.2936 1.4168
1024 450 1.2936 1.4784
1025 450 1.2936 1.54
1026 450 1.2936 1.6016
1027 450 1.2936 1.6632
1028 450 1.2936 1.7248
1029 450 1.2936 1.7864
1030 450 1.2936 1.848
1031 450 1.2936 1.9096
1032 450 1.2936 1.9712
1033 450 1.2936 2.0328
1034 450 1.2936 2.0944
1035 450 1.2936 2.15599
1036 450 1.2936 2.21759
1037 450 1.2936 2.27919
1038 450 1.2936 2.34079
1039 450 1.2936 2.40239
1040 450 1.2936 2.46399
1041 450 1.2936 2.52559
1042 450 1.2936 2.58719
1043 450 1.2936 2.64879
1044 450 1.2936 2.71039
1045 450 1.2936 2.77199
1046 450 1.2936 2.83359
1047 450 1.2936 2.89519
1048 450 1.2936 2.95679
1049 450 1.2936 3.01839
1050 450 1.2936 3.07999
1051 450 1.3552 0.0615999
1052 450 1.3552 0.1232
1053 450 1.3552 0.1848
1054 450 1.3552 0.246399
1055 450 1.3552 0.307999
1056 450 1.3552 0.369599
1057 450 1.3552 0.431199
1058 450 1.3552 0.492799
1059 450 1.3552 0.554399
1060 450 1.3552 0.615999
1061 450 1.3552 0.677598
1062 450 1.3552 0.739198
1063 450 1.3552 0.800798
1064 450 1.3552 0.862398
1065 450 1.3552 0.923998
1066 450 1.3552 0.985598
1067 450 1.3552 1.0472
1068 450 1.3552 1.1088
1069 450 1.3552 1.1704
1070 450 1.3552 1.232
1071 450 1.3552 1.2936
1072 450 1.3552 1.3552
1073 450 1.3552 1.4168
1074 450 1.3552 1.4784
1075 450 1.3552 1.54
1076 450 1.3552 1.6016
1077 450 1.3552 1.6632
1078 450 1.3552 1.7248
1079 450 1.3552 1.7864
1080 450 1.3552 1.848
1081 450 1.3552 1.9096
1082 450 1.3552 1.9712
1083 450 1.3552 2.0328
1084 450 1.3552 2.0944
1085 450 1.3552 2.15599
1086 450 1.3552 2.21759
1087 450 1.3552 2.27919
1088 450 1.3552 2.34079
1089 450 1.3552 2.40239
1090 450 1.3552 2.46399
1091 450 1.3552 2.52559
1092 450 1.3552 2.58719
1093 450 1.3552 2.64879
1094 450 1.3552 2.71039
1095 450 1.3552 2.77199
1096 450 1.3552 2.83359
1097 450 1.3552 2.89519
1098 450 1.3552 2.95679
1099 450 1.3552 3.01839
1100 450 1.3552 3.07999
1101 450 1.4168 0.0615999
1102 450 1.4168 0.1232
1103 450 1.4168 0.1848
1104 450 1.4168 0.246399
1105 450 1.4168 0.307999
1106 450 1.4168 0.369599
1107 450 1.4168 0.431199
1108 450 1.4168 0.492799
1109 450 1.4168 0.554399
1110 450 1.4168 0.615999
1111 450 1.4168 0.677598
1112 450 1.4168 0.739198
1113 450 1.4168 0.800798
1114 450 1.4168 0.862398
1115 450 1.4168 0.923998
1116 450 1.4168 0.985598
1117 450 1.4168 1.0472
1118 450 1.4168 1.1088
1119 450 1.4168 1.1704
1120 450 1.4168 1.232
1121 450 1.4168 1.2936
1122 450 1.4168 1.3552
1123 450 1.4168 1.4168
1124 450 1.4168 1.4784
1125 450 1.4168 1.54
1126 450 1.4168 1.6016
1127 450 1.4168 1.6632
1128 450 1.4168 1.7248
1129 450 1.4168 1.7864
1130 450 1.4168 1.848
1131 450 1.4168 1.9096
1132 450 1.4168 1.9712
1133 450 1.4168 2.0328
1134 450 1.4168 2.0944
1135 450 1.4168 2.15599
1136 450 1.4168 2.21759
1137 450 1.4168 2.27919
1138 450 1.4168 2.34079
1139 450 1.4168 2.40239
1140 450 1.4168 2.46399
1141 450 1.4168 2.52559
1142 450 1.4168 2.58719
1143 450 1.4168 2.64879
1144 450 1.4168 2.71039
1145 450 1.4168 2.77199
1146 450 1.4168 2.83359
1147 450 1.4168 2.89519
1148 450 1.4168 2.95679
1149 450 1.4168 3.01839
1150 450 1.4168 3.07999
1151 450 1.4784 0.0615999
1152 450 1.4784 0.1232
1153 450 1.4784 0.1848
1154 450 1.4784 0.246399
1155 450 1.4784 0.307999
1156 450 1.4784 0.369599
1157 450 1.4784 0.431199
1158 450 1.4784 0.492799
1159 450 1.4784 0.554399
1160 450 1.4784 0.615999
1161 450 1.4784 0.677598
1162 450 1.4784 0.739198
1163 450 1.4784 0.800798
1164 450 1.4784 0.862398
1165 450 1.4784 0.923998
1166 450 1.4784 0.985598
1167 450 1.4784 1.0472
1168 450 1.4784 1.1088
1169 450 1.4784 1.1704
1170 450 1.4784 1.232
1171 450 1.4784 1.2936
1172 450 1.4784 1.3552
1173 450 1.4784 1.4168
1174 450 1.4784 1.4784
1175 450 1.4784 1.54
1176 450 1.4784 1.6016
1177 450 1.4784 1.6632
1178 450 1.4784 1.7248
1179 450 1.4784 1.7864
1180 450 1.4784 1.848
1181 450 1.4784 1.9096
1182 450 1.4784 1.9712
1183 450 1.4784 2.0328
1184 450 1.4784 2.0944
1185 450 1.4784 2.15599
1186 450 1.4784 2.21759
1187 450 1.4784 2.27919
1188 450 1.4784 2.34079
1189 450 1.4784 2.40239
1190 450 1.4784 2.46399
1191 450 1.4784 2.52559
1192 450 1.4784 2.58719
1193 450 1.4784 2.64879
1194 450 1.4784 2.71039
1195 450 1.4784 2.77199
1196 450 1.4784 2.83359
1197 450 1.4784 2.89519
1198 450 1.4784 2.95679
1199 450 1.4784 3.01839
1200 450 1.4784 3.07999
1201 450 1.54 0.0615999
1202 450 1.54 0.1232
1203 450 1.54 0.1848
1204 450 1.54 0.246399
1205 450 1.54 0.307999
1206 450 1.54 0.369599
1207 450 1.54 0.431199
1208 450 1.54 0.492799
1209 450 1.54 0.554399
1210 450 1.54 0.615999
1211 450 1.54 0.677598
1212 450 1.54 0.739198
1213 450 1.54 0.800798
1214 450 1.54 0.862398
1215 450 1.54 0.923998
1216 450 1.54 0.985598
1217 450 1.54 1.0472
1218 450 1.54 1.1088
1219 450 1.54 1.1704
1220 450 1.54 1.232
1221 450 1.54 1.2936
1222 450 1.54 1.3552
1223 450 1.54 1.4168
1224 450 1.54 1.4784
1225 450 1.54 1.54
1226 450 1.54 1.6016
1227 450 1.54 1.6632
1228 450 1.54 1.7248
1229 450 1.54 1.7864
1230 450 1.54 1.848
1231 450 1.54 1.9096
1232 450 1.54 1.9712
1233 450 1.54 2.0328
1234 450 1.54 2.0944
1235 450 1.54 2.15599
1236 450 1.54 2.21759
1237 450 1.54 2.27919
1238 450 1.54 2.34079
1239 450 1.54 2.40239
1240 450 1.54 2.46399
1241 450 1.54 2.52559
1242 450 1.54 2.58719
1243 450 1.54 2.64879
1244 450 1.54 2.71039
1245 450 1.54 2.77199
1246 450 1.54 2.83359
1247 450 1.54 2.89519
1248 450 1.54 2.95679
1249 450 1.54 3.01839
1250 450 1.54 3.07999
1251 450 1.6016 0.0615999
1252 450 1.6016 0.1232
1253 450 1.6016 0.1848
1254 450 1.6016 0.246399
1255 450 1.6016 0.307999
1256 450 1.6016 0.369599
1257 450 1.6016 0.431199
1258 450 1.6016 0.492799
1259 450 1.6016 0.554399
1260 450 1.6016 0.615999
1261 450 1.6016 0.677598
1262 450 1.6016 0.739198
1263 450 1.6016 0.800798
1264 450 1.6016 0.862398
1265 450 1.6016 0.923998
1266 450 1.6016 0.985598
1267 450 1.6016 1.0472
1268 450 1.6016 1.1088
1269 450 1.6016 1.1704
1270 450 1.6016 1.232
1271 450 1.6016 1.2936
1272 450 1.6016 1.3552
1273 450 1.6016 1.4168
1274 450 1.6016 1.4784
1275 450 1.6016 1.54
1276 450 1.6016 1.6016
1277 450 1.6016 1.6632
1278 450 1.6016 1.7248
1279 450 1.6016 1.7864
1280 450 1.6016 1.848
1281 450 1.6016 1.9096
1282 450 1.6016 1.9712
1283 450 1.6016 2.0328
1284 450 1.6016 2.0944
1285 450 1.6016 2.15599
1286 450 1.6016 2.21759
1287 450 1.6016 2.27919
1288 450 1.6016 2.34079
1289 450 1.6016 2.40239
1290 450 1.6016 2.46399
1291 450 1.6016 2.52559
1292 450 1.6016 2.58719
1293 450 1.6016 2.64879
1294 450 1.6016 2.71039
1295 450 1.6016 2.77199
1296 450 1.6016 2.83359
1297 450 1.6016 2.89519
1298 450 1.6016 2.95679
1299 450 1.6016 3.01839
1300 450 1.6016 3.07999
1301 450 1.6632 0.0615999
1302 450 1.6632 0.1232
1303 450 1.6632 0.1848
1304 450 1.6632 0.246399
1305 450 1.6632 0.307999
1306 450 1.6632 0.369599
1307 450 1.6632 0.431199
1308 450 1.6632 0.492799
1309 450 1.6632 0.554399
1310 450 1.6632 0.615999
1311 450 1.6632 0.677598
1312 450 1.6632 0.739198
1313 450 1.6632 0.800798
1314 450 1.6632 0.862398
1315 450 1.6632 0.923998
1316 450 1.6632 0.985598
1317 450 1.6632 1.0472
1318 450 1.6632 1.1088
1319 450 1.6632 1.1704
1320 450 1.6632 1.232
1321 450 1.6632 1.2936
1322 450 1.6632 1.3552
1323 450 1.6632 1.4168
1324 450 1.6632 1.4784
1325 450 1.6632 1.54
1326 450 1.6632 1.6016
1327 450 1.6632 1.6632
1328 450 1.6632 1.7248
1329 450 1.6632 1.7864
1330 450 1.6632 1.848
1331 450 1.6632 1.9096
1332 450 1.6632 1.9712
1333 450 1.6632 2.0328
1334 450 1.6632 2.0944
1335 450 1.6632 2.15599
1336 450 1.6632 2.21759
1337 450 1.6632 2.27919
1338 450 1.6632 2.34079
1339 450 1.6632 2.40239
1340 450 1.6632 2.46399
1341 450 1.6632 2.52559
1342 450 1.6632 2.58719
1343 450 1.6632 2.64879
1344 450 1.6632 2.71039
1345 450 1.6632 2.77199
1346 450 1.6632 2.83359
1347 450 1.6632 2.89519
1348 450 1.6632 2.95679
1349 450 1.6632 3.01839
1350 450 1.6632 3.07999
1351 450 1.7248 0.0615999
1352 450 1.7248 0.1232
1353 450 1.7248 0.1848
1354 450 1.7248 0.246399
1355 450 1.7248 0.307999
1356 450 1.7248 0.369599
1357 450 1.7248 0.431199
1358 450 1.7248 0.492799
1359 450 1.7248 0.554399
1360 450 1.7248 0.615999
1361 450 1.7248 0.677598
1362 450 1.7248 0.739198
1363 450 1.7248 0.800798
1364 450 1.7248 0.862398
1365 450 1.7248 0.923998
1366 450 1.7248 0.985598
1367 450 1.7248 1.0472
1368 450 1.7248 1.1088
1369 450 1.7248 1.1704
1370 450 1.7248 1.232
1371 450 1.7248 1.2936
1372 450 1.7248 1.3552
1373 450 1.7248 1.4168
1374 450 1.7248 1.4784
1375 450 1.7248 1.54
1376 450 1.7248 1.6016
1377 450 1.7248 1.6632
1378 450 1.7248 1.7248
1379 450 1.7248 1.7864
1380 450 1.7248 1.848
1381 450 1.7248 1.9096
1382 450 1.7248 1.9712
1383 450 1.7248 2.0328
1384 450 1.7248 2.0944
1385 450 1.7248 2.15599
1386 450 1.7248 2.21759
1387 450 1.7248 2.27919
1388 450 1.7248 2.34079
1389 450 1.7248 2.40239
1390 450 1.7248 2.46399
1391 450 1.7248 2.52559
1392 450 1.7248 2.58719
1393 450 1.7248 2.64879
1394 450 1.7248 2.71039
1395 450 1.7248 2.77199
1396 450 1.7248 2.83359
1397 450 1.7248 2.89519
1398 450 1.7248 2.95679
1399 450 1.7248 3.01839
1400 450 1.7248 3.07999
1401 450 1.7864 0.0615999
1402 450 1.7864 0.1232
1403 450 1.7864 0.1848
1404 450 1.7864 0.246399
1405 450 1.7864 0.307999
1406 450 1.7864 0.369599
1407 450 1.7864 0.431199
1408 450 1.7864 0.492799
1409 450 1.7864 0.554399
1410 450 1.7864 0.615999
1411 450 1.7864 0.677598
1412 450 1.7864 0.739198
1413 450 1.7864 0.800798
1414 450 1.7864 0.862398
1415 450 1.7864 0.923998
1416 450 1.7864 0.985598
1417 450 1.7864 1.0472
1418 450 1.7864 1.1088
1419 450 1.7864 1.1704
1420 450 1.7864 1.232
1421 450 1.7864 1.2936
1422 450 1.7864 1.3552
1423 450 1.7864 1.4168
1424 450 1.7864 1.4784
1425 450 1.7864 1.54
1426 450 1.7864 1.6016
1427 450 1.7864 1.6632
1428 450 1.7864 1.7248
1429 450 1.7864 1.7864
1430 450 1.7864 1.848
1431 450 1.7864 1.9096
1432 450 1.7864 1.9712
1433 450 1.7864 2.0328
1434 450 1.7864 2.0944
1435 450 1.7864 2.15599
1436 450 1.7864 2.21759
1437 450 1.7864 2.27919
1438 450 1.7864 2.34079
1439 450 1.7864 2.40239
1440 450 1.7864 2.46399
1441 450 1.7864 2.52559
1442 450 1.7864 2.58719
1443 450 1.7864 2.64879
1444 450 1.7864 2.71039
1445 450 1.7864 2.77199
1446 450 1.7864 2.83359
1447 450 1.7864 2.89519
1448 450 1.7864 2.95679
1449 450 1.7864 3.01839
1450 450 1.7864 3.07999
1451 450 1.848 0.0615999
1452 450 1.848 0.1232
1453 450 1.848 0.1848
1454 450 1.848 0.246399
1455 450 1.848 0.307999
1456 450 1.848 0.369599
1457 450 1.848 0.431199
1458 450 1.848 0.492799
1459 450 1.848 0.554399
1460 450 1.848 0.615999
1461 450 1.848 0.677598
1462 450 1.848 0.739198
1463 450 1.848 0.800798
1464 450 1.848 0.862398
1465 450 1.848 0.923998
1466 450 1.848 0.985598
1467 450 1.848 1.0472
1468 450 1.848 1.1088
1469 450 1.848 1.1704
1470 450 1.848 1.232
1471 450 1.848 1.2936
1472 450 1.848 1.3552
1473 450 1.848 1.4168
1474 450 1.848 1.4784
1475 450 1.848 1.54
1476 450 1.848 1.6016
1477 450 1.848 1.6632
1478 450 1.848 1.7248
1479 450 1.848 1.7864
1480 450 1.848 1.848
1481 450 1.848 1.9096
1482 450 1.848 1.9712
1483 450 1.848 2.0328
1484 450 1.848 2.0944
1485 450 1.848 2.15599
1486 450 1.848 2.21759
1487 450 1.848 2.27919
1488 450 1.848 2.34079
1489 450 1.848 2.40239
1490 450 1.848 2.46399
1491 450 1.848 2.52559
1492 450 1.848 2.58719
1493 450 1.848 2.64879
1494 450 1.848 2.71039
1495 450 1.848 2.77199
1496 450 1.848 2.83359
1497 450 1.848 2.89519
1498 450 1.848 2.95679
1499 450 1.848 3.01839
1500 450 1.848 3.07999
1501 450 1.9096 0.0615999
1502 450 1.9096 0.1232
1503 450 1.9096 0.1848
1504 450 1.9096 0.246399
1505 450 1.9096 0.307999
1506 450 1.9096 0.369599
1507 450 1.9096 0.431199
1508 450 1.9096 0.492799
1509 450 1.9096 0.554399
1510 450 1.9096 0.615999
1511 450 1.9096 0.677598
1512 450 1.9096 0.739198
1513 450 1.9096 0.800798
1514 450 1.9096 0.862398
1515 450 1.9096 0.923998
1516 450 1.9096 0.985598
1517 450 1.9096 1.0472
1518 450 1.9096 1.1088
1519 450 1.9096 1.1704
1520 450 1.9096 1.232
1521 450 1.9096 1.2936
1522 450 1.9096 1.3552
1523 450 1.9096 1.4168
1524 450 1.9096 1.4784
1525 450 1.9096 1.54
1526 450 1.9096 1.6016
1527 450 1.9096 1.6632
1528 450 1.9096 1.7248
1529 450 1.9096 1.7864
1530 450 1.9096 1.848
1531 450 1.9096 1.9096
1532 450 1.9096 1.9712
1533 450 1.9096 2.0328
1534 450 1.9096 2.0944
1535 450 1.9096 2.15599
1536 450 1.9096 2.21759
1537 450 1.9096 2.27919
1538 450 1.9096 2.34079
1539 450 1.9096 2.40239
1540 450 1.9096 2.46399
1541 450 1.9096 2.52559
1542 450 1.9096 2.58719
1543 450 1.9096 2.64879
1544 450 1.9096 2.71039
1545 450 1.9096 2.77199
1546 450 1.9096 2.83359
1547 450 1.9096 2.89519
1548 450 1.9096 2.95679
1549 450 1.9096 3.01839
1550 450 1.9096 3.07999
1551 450 1.9712 0.0615999
1552 450 1.9712 0.1232
1553 450 1.9712 0.1848
1554 450 1.9712 0.246399
1555 450 1.9712 0.307999
1556 450 1.9712 0.369599
1557 450 1.9712 0.431199
1558 450 1.9712 0.492799
1559 450 1.9712 0.554399
1560 450 1.9712 0.615999
1561 450 1.9712 0.677598
1562 450 1.9712 0.739198
1563 450 1.9712 0.800798
1564 450 1.9712 0.862398
1565 450 1.9712 0.923998
1566 450 1.9712 0.985598
1567 450 1.9712 1.0472
1568 450 1.9712 1.1088
1569 450 1.9712 1.1704
1570 450 1.9712 1.232
1571 450 1.9712 1.2936
1572 450 1.9712 1.3552
1573 450 1.9712 1.4168
1574 450 1.9712 1.4784
1575 450 1.9712 1.54
1576 450 1.9712 1.6016
1577 450 1.9712 1.6632
1578 450 1.9712 1.7248
1579 450 1.9712 1.7864
1580 450 1.9712 1.848
1581 450 1.9712 1.9096
1582 450 1.9712 1.9712
1583 450 1.9712 2.0328
1584 450 1.9712 2.0944
1585 450 1.9712 2.15599
1586 450 1.9712 2.21759
1587 450 1.9712 2.27919
1588 450 1.9712 2.34079
1589 450 1.9712 2.40239
1590 450 1.9712 2.46399
1591 450 1.9712 2.52559
1592 450 1.9712 2.58719
1593 450 1.9712 2.64879
1594 450 1.9712 2.71039
1595 450 1.9712 2.77199
1596 450 1.9712 2.83359
1597 450 1.9712 2.89519
1598 450 1.9712 2.95679
1599 450 1.9712 3.01839
1600 450 1.9712 3.07999
1601 450 2.0328 0.0615999
1602 450 2.0328 0.1232
1603 450 2.0328 0.1848
1604 450 2.0328 0.246399
1605 450 2.0328 0.307999
1606 450 2.0328 0.369599
1607 450 2.0328 0.431199
1608 450 2.0328 0.492799
1609 450 2.0328 0.554399
1610 450 2.0328 0.615999
1611 450 2.0328 0.677598
1612 450 2.0328 0.739198
1613 450 2.0328 0.800798
1614 450 2.0328 0.862398
1615 450 2.0328 0.923998
1616 450 2.0328 0.985598
1617 450 2.0328 1.0472
1618 450 2.0328 1.1088
1619 450 2.0328 1.1704
1620 450 2.0328 1.232
1621 450 2.0328 1.2936
1622 450 2.0328 1.3552
1623 450 2.0328 1.4168
1624 450 2.0328 1.4784
1625 450 2.0328 1.54
1626 450 2.0328 1.6016
1627 450 2.0328 1.6632
1628 450 2.0328 1.7248
1629 450 2.0328 1.7864
1630 450 2.0328 1.848
1631 450 2.0328 1.9096
1632 450 2.0328 1.9712
1633 450 2.0328 2.0328
1634 450 2.0328 2.0944
1635 450 2.0328 2.15599
1636 450 2.0328 2.21759
1637 450 2.0328 2.27919
1638 450 2.0328 2.34079
1639 450 2.0328 2.40239
1640 450 2.0328 2.46399
1641 450 2.0328 2.52559
1642 450 2.0328 2.58719
1643 450 2.0328 2.64879
1644 450 2.0328 2.71039
1645 450 2.0328 2.77199
1646 450 2.0328 2.83359
1647 450 2.0328 2.89519
1648 450 2.0328 2.95679
1649 450 2.0328 3.01839
1650 450 2.0328 3.07999
1651 450 2.0944 0.0615999
1652 450 2.0944 0.1232
1653 450 2.0944 0.1848
1654 450 2.0944 0.246399
1655 450 2.0944 0.307999
1656 450 2.0944 0.369599
1657 450 2.0944 0.431199
1658 450 2.0944 0.492799
1659 450 2.0944 0.554399
1660 450 2.0944 0.615999
1661 450 2.0944 0.677598
1662 450 2.0944 0.739198
1663 450 2.0944 0.800798
1664 450 2.0944 0.862398
1665 450 2.0944 0.923998
1666 450 2.0944 0.985598
1667 450 2.0944 1.0472
1668 450 2.0944 1.1088
1669 450 2.0944 1.1704
1670 450 2.0944 1.232
1671 450 2.0944 1.2936
1672 450 2.0944 1.3552
1673 450 2.0944 1.4168
1674 450 2.0944 1.4784
1675 450 2.0944 1.54
1676 450 2.0944 1.6016
1677 450 2.0944 1.6632
1678 450 2.0944 1.7248
1679 450 2.0944 1.7864
1680 450 2.0944 1.848
1681 450 2.0944 1.9096
1682 450 2.0944 1.9712
1683 450 2.0944 2.0328
1684 450 2.0944 2.0944
1685 450 2.0944 2.15599
1686 450 2.0944 2.21759
1687 450 2.0944 2.27919
1688 450 2.0944 2.34079
1689 450 2.0944 2.40239
1690 450 2.0944 2.46399
1691 450 2.0944 2.52559
1692 450 2.0944 2.58719
1693 450 2.0944 2.64879
1694 450 2.0944 2.71039
1695 450 2.0944 2.77199
1696 450 2.0944 2.83359
1697 450 2.0944 2.89519
1698 450 2.0944 2.95679
1699 450 2.0944 3.01839
1700 450 2.0944 3.07999
1701 450 2.15599 0.0615999
1702 450 2.15599 0.1232
1703 450 2.15599 0.1848
1704 450 2.15599 0.246399
1705 450 2.15599 0.307999
1706 450 2.15599 0.369599
1707 450 2.15599 0.431199
1708 450 2.15599 0.492799
1709 450 2.15599 0.554399
1710 450 2.15599 0.615999
1711 450 2.15599 0.677598
1712 450 2.15599 0.739198
1713 450 2.15599 0.800798
1714 450 2.15599 0.862398
1715 450 2.15599 0.923998
1716 450 2.15599 0.985598
1717 450 2.15599 1.0472
1718 450 2.15599 1.1088
1719 450 2.15599 1.1704
1720 450 2.15599 1.232
1721 450 2.15599 1.2936
1722 450 2.15599 1.3552
1723 450 2.15599 1.4168
1724 450 2.15599 1.4784
1725 450 2.15599 1.54
1726 450 2.15599 1.6016
1727 450 2.15599 1.6632
1728 450 2.15599 1.7248
1729 450 2.15599 1.7864
1730 450 2.15599 1.848
1731 450 2.15599 1.9096
1732 450 2.15599 1.9712
1733 450 2.15599 2.0328
1734 450 2.15599 2.0944
1735 450 2.15599 2.15599
1736 450 2.15599 2.21759
1737 450 2.15599 2.27919
1738 450 2.15599 2.34079
1739 450 2.15599 2.40239
1740 450 2.15599 2.46399
1741 450 2.15599 2.52559
1742 450 2.15599 2.58719
1743 450 2.15599 2.64879
1744 450 2.15599 2.71039
1745 450 2.15599 2.77199
1746 450 2.15599 2.83359
1747 450 2.15599 2.89519
1748 450 2.15599 2.95679
1749 450 2.15599 3.01839
1750 450 2.15599 3.07999
1751 450 2.21759 0.0615999
1752 450 2.21759 0.1232
1753 450 2.21759 0.1848
1754 450 2.21759 0.246399
1755 450 2.21759 0.307999
1756 450 2.21759 0.369599
1757 450 2.21759 0.431199
1758 450 2.21759 0.492799
1759 450 2.21759 0.554399
1760 450 2.21759 0.615999
1761 450 2.21759 0.677598
1762 450 2.21759 0.739198
1763 450 2.21759 0.800798
1764 450 2.21759 0.862398
1765 450 2.21759 0.923998
1766 450 2.21759 0.985598
1767 450 2.21759 1.0472
1768 450 2.21759 1.1088
1769 450 2.21759 1.1704
1770 450 2.21759 1.232
1771 450 2.21759 1.2936
1772 450 2.21759 1.3552
1773 450 2.21759 1.4168
1774 450 2.21759 1.4784
1775 450 2.21759 1.54
1776 450 2.21759 1.6016
1777 450 2.21759 1.6632
1778 450 2.21759 1.7248
1779 450 2.21759 1.7864
1780 450 2.21759 1.848
1781 450 2.21759 1.9096
1782 450 2.21759 1.9712
1783 450 2.21759 2.0328
1784 450 2.21759 2.0944
1785 450 2.21759 2.15599
1786 450 2.21759 2.21759
1787 450 2.21759 2.27919
1788 450 2.21759 2.34079
1789 450 2.21759 2.40239
1790 450 2.21759 2.46399
1791 450 2.21759 2.52559
1792 450 2.21759 2.58719
1793 450 2.21759 2.64879
1794 450 2.21759 2.71039
1795 450 2.21759 2.77199
1796 450 2.21759 2.83359
1797 450 2.21759 2.89519
1798 450 2.21759 2.95679
1799 450 2.21759 3.01839
1800 450 2.21759 3.07999
1801 450 2.27919 0.0615999
1802 450 2.27919 0.1232
1803 450 2.27919 0.1848
1804 450 2.27919 0.246399
1805 450 2.27919 0.307999
1806 450 2.27919 0.369599
1807 450 2.27919 0.431199
1808 450 2.27919 0.492799
1809 450 2.27919 0.554399
1810 450 2.27919 0.615999
1811 450 2.27919 0.677598
1812 450 2.27919 0.739198
1813 450 2.27919 0.800798
1814 450 2.27919 0.862398
1815 450 2.27919 0.923998
1816 450 2.27919 0.985598
1817 450 2.27919 1.0472
1818 450 2.27919 1.1088
1819 450 2.27919 1.1704
1820 450 2.27919 1.232
1821 450 2.27919 1.2936
1822 450 2.27919 1.3552
1823 450 2.27919 1.4168
1824 450 2.27919 1.4784
1825 450 2.27919 1.54
1826 450 2.27919 1.6016
1827 450 2.27919 1.6632
1828 450 2.27919 1.7248
1829 450 2.27919 1.7864
1830 450 2.27919 1.848
1831 450 2.27919 1.9096
1832 450 2.27919 1.9712
1833 450 2.27919 2.0328
1834 450 2.27919 2.0944
1835 450 2.27919 2.15599
1836 450 2.27919 2.21759
1837 450 2.27919 2.27919
1838 450 2.27919 2.34079
1839 450 2.27919 2.40239
1840 450 2.27919 2.46399
1841 450 2.27919 2.52559
1842 450 2.27919 2.58719
1843 450 2.27919 2.64879
1844 450 2.27919 2.71039
1845 450 2.27919 2.77199
1846 450 2.27919 2.83359
1847 450 2.27919 2.89519
1848 450 2.27919 2.95679
1849 450 2.27919 3.01839
1850 450 2.27919 3.07999
1851 450 2.34079 0.0615999
1852 450 2.34079 0.1232
1853 450 2.34079 0.1848
1854 450 2.34079 0.246399
1855 450 2.34079 0.307999
1856 450 2.34079 0.369599
1857 450 2.34079 0.431199
1858 450 2.34079 0.492799
1859 450 2.34079 0.554399
1860 450 2.34079 0.615999
1861 450 2.34079 0.677598
1862 450 2.34079 0.739198
1863 450 2.34079 0.800798
1864 450 2.34079 0.862398
1865 450 2.34079 0.923998
1866 450 2.34079 0.985598
1867 450 2.34079 1.0472
1868 450 2.34079 1.1088
1869 450 2.34079 1.1704
1870 450 2.34079 1.232
1871 450 2.34079 1.2936
1872 450 2.34079 1.3552
1873 450 2.34079 1.4168
1874 450 2.34079 1.4784
1875 450 2.34079 1.54
1876 450 2.34079 1.6016
1877 450 2.34079 1.6632
1878 450 2.34079 1.7248
1879 450 2.34079 1.7864
1880 450 2.34079 1.848
1881 450 2.34079 1.9096
1882 450 2.34079 1.9712
1883 450 2.34079 2.0328
1884 450 2.34079 2.0944
1885 450 2.34079 2.15599
1886 450 2.34079 2.21759
1887 450 2.34079 2.27919
1888 450 2.34079 2.34079
1889 450 2.34079 2.40239
1890 450 2.34079 2.46399
1891 450 2.34079 2.52559
1892 450 2.34079 2.58719
1893 450 2.34079 2.64879
1894 450 2.34079 2.71039
1895 450 2.34079 2.77199
1896 450 2.34079 2.83359
1897 450 2.34079 2.89519
1898 450 2.34079 2.95679
1899 450 2.34079 3.01839
1900 450 2.34079 3.07999
1901 450 2.40239 0.0615999
1902 450 2.40239 0.1232
1903 450 2.40239 0.1848
1904 450 2.40239 0.246399
1905 450 2.40239 0.307999
1906 450 2.40239 0.369599
1907 450 2.40239 0.431199
1908 450 2.40239 0.492799
1909 450 2.40239 0.554399
1910 450 2.40239 0.615999
1911 450 2.40239 0.677598
1912 450 2.40239 0.739198
1913 450 2.40239 0.800798
1914 450 2.40239 0.862398
1915 450 2.40239 0.923998
1916 450 2.40239 0.985598
1917 450 2.40239 1.0472
1918 450 2.40239 1.1088
1919 450 2.40239 1.1704
1920 450 2.40239 1.232
1921 450 2.40239 1.2936
1922 450 2.40239 1.3552
1923 450 2.40239 1.4168
1924 450 2.40239 1.4784
1925 450 2.40239 1.54
1926 450 2.40239 1.6016
1927 450 2.40239 1.6632
1928 450 2.40239 1.7248
1929 450 2.40239 1.7864
1930 450 2.40239 1.848
1931 450 2.40239 1.9096
1932 450 2.40239 1.9712
1933 450 2.40239 2.0328
1934 450 2.40239 2.0944
1935 450 2.40239 2.15599
1936 450 2.40239 2.21759
1937 450 2.40239 2.27919
1938 450 2.40239 2.34079
1939 450 2.40239 2.40239
1940 450 2.40239 2.46399
1941 450 2.40239 2.52559
1942 450 2.40239 2.58719
1943 450 2.40239 2.64879
1944 450 2.40239 2.71039
1945 450 2.40239 2.77199
1946 450 2.40239 2.83359
1947 450 2.40239 2.89519
1948 450 2.40239 2.95679
1949 450 2.40239 3.01839
1950 450 2.40239 3.07999
1951 450 2.46399 0.0615999
1952 450 2.46399 0.1232
1953 450 2.46399 0.1848
1954 450 2.46399 0.246399
1955 450 2.46399 0.307999
1956 450 2.46399 0.369599
1957 450 2.46399 0.431199
1958 450 2.46399 0.492799
1959 450 2.46399 0.554399
1960 450 2.46399 0.615999
1961 450 2.46399 0.677598
1962 450 2.46399 0.739198
1963 450 2.46399 0.800798
1964 450 2.46399 0.862398
1965 450 2.46399 0.923998
1966 450 2.46399 0.985598
1967 450 2.46399 1.0472
1968 450 2.46399 1.1088
1969 450 2.46399 1.1704
1970 450 2.46399 1.232
1971 450 2.46399 1.2936
1972 450 2.46399 1.3552
1973 450 2.46399 1.4168
1974 450 2.46399 1.4784
1975 450 2.46399 1.54
1976 450 2.46399 1.6016
1977 450 2.46399 1.6632
1978 450 2.46399 1.7248
1979 450 2.46399 1.7864
1980 450 2.46399 1.848
1981 450 2.46399 1.9096
1982 450 2.46399 1.9712
1983 450 2.46399 2.0328
1984 450 2.46399 2.0944
1985 450 2.46399 2.15599
1986 450 2.46399 2.21759
1987 450 2.46399 2.27919
1988 450 2.46399 2.34079
1989 450 2.46399 2.40239
1990 450 2.46399 2.46399
1991 450 2.46399 2.52559
1992 450 2.46399 2.58719
1993 450 2.46399 2.64879
1994 450 2.46399 2.71039
1995 450 2.46399 2.77199
1996 450 2.46399 2.83359
1997 450 2.46399 2.89519
1998 450 2.46399 2.95679
1999 450 2.46399 3.01839
2000 450 2.46399 3.07999
2001 450 2.52559 0.0615999
2002 450 2.52559 0.1232
2003 450 2.52559 0.1848
2004 450 2.52559 0.246399
2005 450 2.52559 0.307999
2006 450 2.52559 0.369599
2007 450 2.52559 0.431199
2008 450 2.52559 0.492799
2009 450 2.52559 0.554399
2010 450 2.52559 0.615999
2011 450 2.52559 0.677598
2012 450 2.52559 0.739198
2013 450 2.52559 0.800798
2014 450 2.52559 0.862398
2015 450 2.52559 0.923998
2016 450 2.52559 0.985598
2017 450 2.52559 1.0472
2018 450 2.52559 1.1088
2019 450 2.52559 1.1704
2020 450 2.52559 1.232
2021 450 2.52559 1.2936
2022 450 2.52559 1.3552
2023 450 2.52559 1.4168
2024 450 2.52559 1.4784
2025 450 2.52559 1.54
2026 450 2.52559 1.6016
2027 450 2.52559 1.6632
2028 450 2.52559 1.7248
2029 450 2.52559 1.7864
2030 450 2.52559 1.848
2031 450 2.52559 1.9096
2032 450 2.52559 1.9712
2033 450 2.52559 2.0328
2034 450 2.52559 2.0944
2035 450 2.52559 2.15599
2036 450 2.52559 2.21759
2037 450 2.52559 2.27919
2038 450 2.52559 2.34079
2039 450 2.52559 2.40239
2040 450 2.52559 2.46399
2041 450 2.52559 2.52559
2042 450 2.52559 2.58719
2043 450 2.52559 2.64879
2044 450 2.52559 2.71039
2045 450 2.52559 2.77199
2046 450 2.52559 2.83359
2047 450 2.52559 2.89519
2048 450 2.52559 2.95679
2049 450 2.52559 3.01839
2050 450 2.52559 3.07999
2051 450 2.58719 0.0615999
2052 450 2.58719 0.1232
2053 450 2.58719 0.1848
2054 450 2.58719 0.246399
2055 450 2.58719 0.307999
2056 450 2.58719 0.369599
2057 450 2.58719 0.431199
2058 450 2.58719 0.492799
2059 450 2.58719 0.554399
2060 450 2.58719 0.615999
2061 450 2.58719 0.677598
2062 450 2.58719 0.739198
2063 450 2.58719 0.800798
2064 450 2.58719 0.862398
2065 450 2.58719 0.923998
2066 450 2.58719 0.985598
2067 450 2.58719 1.0472
2068 450 2.58719 1.1088
2069 450 2.58719 1.1704
2070 450 2.58719 1.232
2071 450 2.58719 1.2936
2072 450 2.58719 1.3552
2073 450 2.58719 1.4168
2074 450 2.58719 1.4784
2075 450 2.58719 1.54
2076 450 2.58719 1.6016
2077 450 2.58719 1.6632
2078 450 2.58719 1.7248
2079 450 2.58719 1.7864
2080 450 2.58719 1.848
2081 450 2.58719 1.9096
2082 450 2.58719 1.9712
2083 450 2.58719 2.0328
2084 450 2.58719 2.0944
2085 450 2.58719 2.15599
2086 450 2.58719 2.21759
2087 450 2.58719 2.27919
2088 450 2.58719 2.34079
2089 450 2.58719 2.40239
2090 450 2.58719 2.46399
2091 450 2.58719 2.52559
2092 450 2.58719 2.58719
2093 450 2.58719 2.64879
2094 450 2.58719 2.71039
2095 450 2.58719 2.77199
2096 450 2.58719 2.83359
2097 450 2.58719 2.89519
2098 450 2.58719 2.95679
2099 450 2.58719 3.01839
2100 450 2.58719 3.07999
2101 450 2.64879 0.0615999
2102 450 2.64879 0.1232
2103 450 2.64879 0.1848
2104 450 2.64879 0.246399
2105 450 2.64879 0.307999
2106 450 2.64879 0.369599
2107 450 2.64879 0.431199
2108 450 2.64879 0.492799
2109 450 2.64879 0.554399
2110 450 2.64879 0.615999
2111 450 2.64879 0.677598
2112 450 2.64879 0.739198
2113 450 2.64879 0.800798
2114 450 2.64879 0.862398
2115 450 2.64879 0.923998
2116 450 2.64879 0.985598
2117 450 2.64879 1.0472
2118 450 2.64879 1.1088
2119 450 2.64879 1.1704
2120 450 2.64879 1.232
2121 450 2.64879 1.2936
2122 450 2.64879 1.3552
2123 450 2.64879 1.4168
2124 450 2.64879 1.4784
2125 450 2.64879 1.54
2126 450 2.64879 1.6016
2127 450 2.64879 1.6632
2128 450 2.64879 1.7248
2129 450 2.64879 1.7864
2130 450 2.64879 1.848
2131 450 2.64879 1.9096
2132 450 2.64879 1.9712
2133 450 2.64879 2.0328
2134 450 2.64879 2.0944
2135 450 2.64879 2.15599
2136 450 2.64879 2.21759
2137 450 2.64879 2.27919
2138 450 2.64879 2.34079
2139 450 2.64879 2.40239
2140 450 2.64879 2.46399
2141 450 2.64879 2.52559
2142 450 2.64879 2.58719
2143 450 2.64879 2.64879
2144 450 2.64879 2.71039
2145 450 2.64879 2.77199
2146 450 2.64879 2.83359
2147 450 2.64879 2.89519
2148 450 2.64879 2.95679
2149 450 2.64879 3.01839
2150 450 2.64879 3.07999
2151 450 2.71039 0.0615999
2152 450 2.71039 0.1232
2153 450 2.71039 0.1848
2154 450 2.71039 0.246399
2155 450 2.71039 0.307999
2156 450 2.71039 0.369599
2157 450 2.71039 0.431199
2158 450 2.71039 0.492799
2159 450 2.71039 0.554399
2160 450 2.71039 0.615999
2161 450 2.71039 0.677598
2162 450 2.71039 0.739198
2163 450 2.71039 0.800798
2164 450 2.71039 0.862398
2165 450 2.71039 0.923998
2166 450 2.71039 0.985598
2167 450 2.71039 1.0472
2168 450 2.71039 1.1088
2169 450 2.71039 1.1704
2170 450 2.71039 1.232
2171 450 2.71039 1.2936
2172 450 2.71039 1.3552
2173 450 2.71039 1.4168
2174 450 2.71039 1.4784
2175 450 2.71039 1.54
2176 450 2.71039 1.6016
2177 450 2.71039 1.6632
2178 450 2.71039 1.7248
2179 450 2.71039 1.7864
2180 450 2.71039 1.848
2181 450 2.71039 1.9096
2182 450 2.71039 1.9712
2183 450 2.71039 2.0328
2184 450 2.71039 2.0944
2185 450 2.71039 2.15599
2186 450 2.71039 2.21759
2187 450 2.71039 2.27919
2188 450 2.71039 2.34079
2189 450 2.71039 2.40239
2190 450 2.71039 2.46399
2191 450 2.71039 2.52559
2192 450 2.71039 2.58719
2193 450 2.71039 2.64879
2194 450 2.71039 2.71039
2195 450 2.71039 2.77199
2196 450 2.71039 2.83359
2197 450 2.71039 2.89519
2198 450 2.71039 2.95679
2199 450 2.71039 3.01839
2200 450 2.71039 3.07999
2201 450 2.77199 0.0615999
2202 450 2.77199 0.1232
2203 450 2.77199 0.1848
2204 450 2.77199 0.246399
2205 450 2.77199 0.307999
2206 450 2.77199 0.369599
2207 450 2.77199 0.431199
2208 450 2.77199 0.492799
2209 450 2.77199 0.554399
2210 450 2.77199 0.615999
2211 450 2.77199 0.677598
2212 450 2.77199 0.739198
2213 450 2.77199 0.800798
2214 450 2.77199 0.862398
2215 450 2.77199 0.923998
2216 450 2.77199 0.985598
2217 450 2.77199 1.0472
2218 450 2.77199 1.1088
2219 450 2.77199 1.1704
2220 450 2.77199 1.232
2221 450 2.77199 1.2936
2222 450 2.77199 1.3552
2223 450 2.77199 1.4168
2224 450 2.77199 1.4784
2225 450 2.77199 1.54
2226 450 2.77199 1.6016
2227 450 2.77199 1.6632
2228 450 2.77199 1.7248
2229 450 2.77199 1.7864
2230 450 2.77199 1.848
2231 450 2.77199 1.9096
2232 450 2.77199 1.9712
2233 450 2.77199 2.0328
2234 450 2.77199 2.0944
2235 450 2.77199 2.15599
2236 450 2.77199 2.21759
2237 450 2.77199 2.27919
2238 450 2.77199 2.34079
2239 450 2.77199 2.40239
2240 450 2.77199 2.46399
2241 450 2.77199 2.52559
2242 450 2.77199 2.58719
2243 450 2.77199 2.64879
2244 450 2.77199 2.71039
2245 450 2.77199 2.77199
2246 450 2.77199 2.83359
2247 450 2.77199 2.89519
2248 450 2.77199 2.95679
2249 450 2.77199 3.01839
2250 450 2.77199 3.07999
2251 450 2.83359 0.0615999
2252 450 2.83359 0.1232
2253 450 2.83359 0.1848
2254 450 2.83359 0.246399
2255 450 2.83359 0.307999
2256 450 2.83359 0.369599
2257 450 2.83359 0.431199
2258 450 2.83359 0.492799
2259 450 2.83359 0.554399
2260 450 2.83359 0.615999
2261 450 2.83359 0.677598
2262 450 2.83359 0.739198
2263 450 2.83359 0.800798
2264 450 2.83359 0.862398
2265 450 2.83359 0.923998
2266 450 2.83359 0.985598
2267 450 2.83359 1.0472
2268 450 2.83359 1.1088
2269 450 2.83359 1.1704
2270 450 2.83359 1.232
2271 450 2.83359 1.2936
2272 450 2.83359 1.3552
2273 450 2.83359 1.4168
2274 450 2.83359 1.4784
2275 450 2.83359 1.54
2276 450 2.83359 1.6016
2277 450 2.83359 1.6632
2278 450 2.83359 1.7248
2279 450 2.83359 1.7864
2280 450 2.83359 1.848
2281 450 2.83359 1.9096
2282 450 2.83359 1.9712
2283 450 2.83359 2.0328
2284 450 2.83359 2.0944
2285 450 2.83359 2.15599
2286 450 2.83359 2.21759
2287 450 2.83359 2.27919
2288 450 2.83359 2.34079
2289 450 2.83359 2.40239
2290 450 2.83359 2.46399
2291 450 2.83359 2.52559
2292 450 2.83359 2.58719
2293 450 2.83359 2.64879
2294 450 2.83359 2.71039
2295 450 2.83359 2.77199
2296 450 2.83359 2.83359
2297 450 2.83359 2.89519
2298 450 2.83359 2.95679
2299 450 2.83359 3.01839
2300 450 2.83359 3.07999
2301 450 2.89519 0.0615999
2302 450 2.89519 0.1232
2303 450 2.89519 0.1848
2304 450 2.89519 0.246399
2305 450 2.89519 0.307999
2306 450 2.89519 0.369599
2307 450 2.89519 0.431199
2308 450 2.89519 0.492799
2309 450 2.89519 0.554399
2310 450 2.89519 0.615999
2311 450 2.89519 0.677598
2312 450 2.89519 0.739198
2313 450 2.89519 0.800798
2314 450 2.89519 0.862398
2315 450 2.89519 0.923998
2316 450 2.89519 0.985598
2317 450 2.89519 1.0472
2318 450 2.89519 1.1088
2319 450 2.89519 1.1704
2320 450 2.89519 1.232
2321 450 2.89519 1.2936
2322 450 2.89519 1.3552
2323 450 2.89519 1.4168
2324 450 2.89519 1.4784
2325 450 2.89519 1.54
2326 450 2.89519 1.6016
2327 450 2.89519 1.6632
2328 450 2.89519 1.7248
2329 450 2.89519 1.7864
2330 450 2.89519 1.848
2331 450 2.89519 1.9096
2332 450 2.89519 1.9712
2333 450 2.89519 2.0328
2334 450 2.89519 2.0944
2335 450 2.89519 2.15599
2336 450 2.89519 2.21759
2337 450 2.89519 2.27919
2338 450 2.89519 2.34079
2339 450 2.89519 2.40239
2340 450 2.89519 2.46399
2341 450 2.89519 2.52559
2342 450 2.89519 2.58719
2343 450 2.89519 2.64879
2344 450 2.89519 2.71039
2345 450 2.89519 2.77199
2346 450 2.89519 2.83359
2347 450 2.89519 2.89519
2348 450 2.89519 2.95679
2349 450 2.89519 3.01839
2350 450 2.89519 3.07999
2351 450 2.95679 0.0615999
2352 450 2.95679 0.1232
2353 450 2.95679 0.1848
2354 450 2.95679 0.246399
2355 450 2.95679 0.307999
2356 450 2.95679 0.369599
2357 450 2.95679 0.431199
2358 450 2.95679 0.492799
2359 450 2.95679 0.554399
2360 450 2.95679 0.615999
2361 450 2.95679 0.677598
2362 450 2.95679 0.739198
2363 450 2.95679 0.800798
2364 450 2.95679 0.862398
2365 450 2.95679 0.923998
2366 450 2.95679 0.985598
2367 450 2.95679 1.0472
2368 450 2.95679 1.1088
2369 450 2.95679 1.1704
2370 450 2.95679 1.232
2371 450 2.95679 1.2936
2372 450 2.95679 1.3552
2373 450 2.95679 1.4168
2374 450 2.95679 1.4784
2375 450 2.95679 1.54
2376 450 2.95679 1.6016
2377 450 2.95679 1.6632
2378 450 2.95679 1.7248
2379 450 2.95679 1.7864
2380 450 2.95679 1.848
2381 450 2.95679 1.9096
2382 450 2.95679 1.9712
2383 450 2.95679 2.0328
2384 450 2.95679 2.0944
2385 450 2.95679 2.15599
2386 450 2.95679 2.21759
2387 450 2.95679 2.27919
2388 450 2.95679 2.34079
2389 450 2.95679 2.40239
2390 450 2.95679 2.46399
2391 450 2.95679 2.52559
2392 450 2.95679 2.58719
2393 450 2.95679 2.64879
2394 450 2.95679 2.71039
2395 450 2.95679 2.77199
2396 450 2.95679 2.83359
2397 450 2.95679 2.89519
2398 450 2.95679 2.95679
2399 450 2.95679 3.01839
2400 450 2.95679 3.07999
2401 450 3.01839 0.0615999
2402 450 3.01839 0.1232
2403 450 3.01839 0.1848
2404 450 3.01839 0.246399
2405 450 3.01839 0.307999
2406 450 3.01839 0.369599
2407 450 3.01839 0.431199
2408 450 3.01839 0.492799
2409 450 3.01839 0.554399
2410 450 3.01839 0.615999
2411 450 3.01839 0.677598
2412 450 3.01839 0.739198
2413 450 3.01839 0.800798
2414 450 3.01839 0.862398
2415 450 3.01839 0.923998
2416 450 3.01839 0.985598
2417 450 3.01839 1.0472
2418 450 3.01839 1.1088
2419 450 3.01839 1.1704
2420 450 3.01839 1.232
2421 450 3.01839 1.2936
2422 450 3.01839 1.3552
2423 450 3.01839 1.4168
2424 450 3.01839 1.4784
2425 450 3.01839 1.54
2426 450 3.01839 1.6016
2427 450 3.01839 1.6632
2428 450 3.01839 1.7248
2429 450 3.01839 1.7864
2430 450 3.01839 1.848
2431 450 3.01839 1.9096
2432 450 3.01839 1.9712
2433 450 3.01839 2.0328
2434 450 3.01839 2.0944
2435 450 3.01839 2.15599
2436 450 3.01839 2.21759
2437 450 3.01839 2.27919
2438 450 3.01839 2.34079
2439 450 3.01839 2.40239
2440 450 3.01839 2.46399
2441 450 3.01839 2.52559
2442 450 3.01839 2.58719
2443 450 3.01839 2.64879
2444 450 3.01839 2.71039
2445 450 3.01839 2.77199
2446 450 3.01839 2.83359
2447 450 3.01839 2.89519
2448 450 3.01839 2.95679
2449 450 3.01839 3.01839
2450 450 3.01839 3.07999
2451 450 3.07999 0.0615999
2452 450 3.07999 0.1232
2453 450 3.07999 0.1848
2454 450 3.07999 0.246399
2455 450 3.07999 0.307999
2456 450 3.07999 0.369599
2457 450 3.07999 0.431199
2458 450 3.07999 0.492799
2459 450 3.07999 0.554399
2460 450 3.07999 0.615999
2461 450 3.07999 0.677598
2462 450 3.07999 0.739198
2463 450 3.07999 0.800798
2464 450 3.07999 0.862398
2465 450 3.07999 0.923998
2466 450 3.07999 0.985598
2467 450 3.07999 1.0472
2468 450 3.07999 1.1088
2469 450 3.07999 1.1704
2470 450 3.07999 1.232
2471 450 3.07999 1.2936
2472 450 3.07999 1.3552
2473 450 3.07999 1.4168
2474 450 3.07999 1.4784
2475 450 3.07999 1.54
2476 450 3.07999 1.6016
2477 450 3.07999 1.6632
2478 450 3.07999 1.7248
2479 450 3.07999 1.7864
2480 450 3.07999 1.848
2481 450 3.07999 1.9096
2482 450 3.07999 1.9712
2483 450 3.07999 2.0328
2484 450 3.07999 2.0944
2485 450 3.07999 2.15599
2486 450 3.07999 2.21759
2487 450 3.07999 2.27919
2488 450 3.07999 2.34079
2489 450 3.07999 2.40239
2490 450 3.07999 2.46399
2491 450 3.07999 2.52559
2492 450 3.07999 2.58719
2493 450 3.07999 2.64879
2494 450 3.07999 2.71039
2495 450 3.07999 2.77199
2496 450 3.07999 2.83359
2497 450 3.07999 2.89519
2498 450 3.07999 2.95679
2499 450 3.07999 3.01839
2500 450 3.07999 3.07999
